[0.469833, 0.559365, 20794.0, 4.26, 1008.0, '82 G ERIDANI']
[0.543324, 0.535145, 18622.0, 2.88, 897.0, 'ACAMAR']
[0.492725, 0.223802, 10144.0, 0.45, 472.0, 'ACHERNAR']
[-0.449406, -0.052393, 108248.0, 0.77, 4730.0, 'ACRUX']
[-0.687433, 0.696572, 76756.0, 4.26, 3572.0, 'ACUBENS']
[-0.825972, 0.39978, 89025.0, 3.43, 4031.0, 'ADHAFERA']
[-0.221358, 0.846388, 52089.0, 1.5, 2618.0, 'ADHARA']
[0.159375, -0.204898, 196502.0, 5.18, 7879.0, 'AF DRA']
[0.602936, -0.319806, 209952.0, 1.73, 8425.0, "AL NA'IR"]
[0.658924, -0.733896, 198001.0, 3.78, 7950.0, 'ALBALI']
[0.340583, -0.814974, 183912.0, 3.05, 7417.0, 'ALBIREO']
[0.498866, 0.764415, 23630.0, 2.85, 1165.0, 'ALCYONE']
[0.343905, 0.89497, 29139.0, 0.87, 1457.0, 'ALDEBARAN']
[0.350861, -0.298141, 203280.0, 2.45, 8162.0, 'ALDERAMIN']
[0.262845, -0.204141, 205021.0, 3.23, 8238.0, 'ALFIRK']
[0.553072, -0.804322, 192947.0, 3.58, 7754.0, 'ALGEDI']
[0.963482, 0.055705, 886.0, 2.83, 39.0, 'ALGENIB']
[0.51465, 0.55271, 19356.0, 2.09, 936.0, 'ALGOL']
[-0.950616, -0.124587, 108767.0, 2.94, 4757.0, 'ALGORAB']
[-0.157142, 0.946359, 47105.0, 1.93, 2421.0, 'ALHENA']
[-0.544292, -0.130741, 112185.0, 1.76, 4905.0, 'ALIOTH']
[-0.581457, -0.294806, 120315.0, 1.85, 5191.0, 'ALKAID']
[-0.498767, -0.618639, 137391.0, 4.31, 5733.0, 'ALKALUROPS']
[-0.916842, 0.246614, 95272.0, 4.08, 4287.0, 'ALKES']
[0.633855, 0.380477, 12533.0, 2.1, 603.0, 'ALMACH']
[0.021853, -0.862028, 165135.0, 2.98, 6746.0, 'ALNASL']
[0.103579, 0.9944, 37128.0, 1.69, 1903.0, 'ALNILAM']
[-0.777933, 0.610046, 81797.0, 1.99, 3748.0, 'ALPHARD']
[-0.529175, -0.719637, 139006.0, 2.22, 5793.0, 'ALPHECCA']
[0.873265, 0.031968, 358.0, 2.07, 15.0, 'ALPHERATZ']
[0.479173, -0.870596, 188512.0, 3.71, 7602.0, 'ALSHAIN']
[0.459202, -0.874855, 187642.0, 0.76, 7557.0, 'ALTAIR']
[0.118323, -0.361194, 180711.0, 3.07, 7310.0, 'ALTAIS']
[-0.31285, 0.813992, 58350.0, 2.45, 2827.0, 'ALUDRA']
[-0.824062, 0.150949, 98262.0, 3.49, 4377.0, 'ALULA BOREALIS']
[0.242197, -0.967454, 175638.0, 4.62, 7141.0, 'ALYA']
[0.892086, -0.431094, 211391.0, 4.17, 8499.0, 'ANCHA']
[0.734714, 0.084623, 2261.0, 2.4, 99.0, 'ANKAA']
[-0.344816, -0.826412, 148478.0, 1.06, 6134.0, 'ANTARES']
[-0.783738, -0.52701, 124897.0, -0.05, 5340.0, 'ARCTURUS']
[0.251822, -0.667854, 181454.0, 3.96, 7337.0, 'ARKAB']
[0.11301, 0.945279, 36673.0, 2.58, 1865.0, 'ARNEB']
[-0.62554, 0.715272, 74442.0, 3.94, 3461.0, 'ASELLUS AUSTRALIS']
[-0.608352, 0.704243, 74198.0, 4.66, 3449.0, 'ASELLUS BOREALIS']
[-0.387182, 0.333351, 80404.0, 2.21, 3699.0, 'ASPIDISKE']
[0.443248, 0.724251, 24398.0, 2.84, 1203.0, 'ATIK']
[0.493455, 0.768357, 23850.0, 3.62, 1178.0, 'ATLAS']
[-0.109615, -0.340719, 150798.0, 1.91, 6217.0, 'ATRIA']
[-0.295572, 0.412416, 71129.0, 1.86, 3307.0, 'AVIOR']
[0.709405, 0.687621, 18322.0, 3.89, 874.0, 'AZHA']
[0.869708, 0.459807, 11353.0, 3.74, 539.0, 'BATEN KAITOS']
[0.45128, 0.884404, 26574.0, 4.04, 1298.0, 'BEID']
[0.150628, 0.982385, 35468.0, 1.64, 1790.0, 'BELLATRIX']
[-0.581457, -0.294806, 120315.0, 1.85, 5191.0, 'BENETNASCH']
[0.020891, 0.991435, 39801.0, 0.45, 2061.0, 'BETELGEUSE']
[0.882221, -0.458292, 210418.0, 3.52, 8450.0, 'BIHAM']
[-0.783738, -0.52701, 124897.0, -0.05, 5340.0, 'BOO ALPHA']
[-0.53397, -0.543118, 133208.0, 3.49, 5602.0, 'BOO BETA']
[-0.577227, -0.655236, 135502.0, 5.28, 5676.0, 'BOO CHI']
[-0.549614, -0.629489, 135722.0, 3.46, 5681.0, 'BOO DELTA']
[-0.669484, -0.587057, 129988.0, 2.35, 5505.0, 'BOO EPSILON']
[-0.669486, -0.587055, 129989.0, 2.7, 5506.0, 'BOO EPSILON']
[-0.832538, -0.45526, 121370.0, 2.68, 5235.0, 'BOO ETA']
[-0.618178, -0.483318, 127762.0, 3.04, 5435.0, 'BOO GAMMA']
[-0.517337, -0.349499, 125161.0, 4.75, 5350.0, 'BOO IOTA']
[-0.51662, -0.340203, 124674.0, 6.62, 5328.0, 'BOO KAPPA']
[-0.516566, -0.340233, 124675.0, 4.53, 5329.0, 'BOO KAPPA']
[-0.574328, -0.388799, 125162.0, 4.18, 5351.0, 'BOO LAMBDA']
[-0.498767, -0.618639, 137391.0, 4.31, 5733.0, 'BOO MU']
[-0.498901, -0.618937, 137392.0, 6.51, 5734.0, 'BOO MU']
[-0.458162, -0.602128, 138481.0, 5.04, 5763.0, 'BOO NU']
[-0.455459, -0.603227, 138629.0, 4.98, 5774.0, 'BOO NU']
[-0.634891, -0.646682, 133124.0, 4.8, 5600.0, 'BOO OMEGA']
[-0.718459, -0.631413, 129972.0, 4.6, 5502.0, 'BOO OMICRON']
[-0.443006, -0.620074, 139641.0, 5.25, 5823.0, 'BOO PHI']
[-0.732851, -0.618902, 129174.0, 4.49, 5475.0, 'BOO PI']
[-0.732838, -0.618922, 129175.0, 5.88, 5476.0, 'BOO PI']
[-0.617979, -0.642443, 133582.0, 4.52, 5616.0, 'BOO PSI']
[-0.680262, -0.530672, 127665.0, 3.57, 5429.0, 'BOO RHO']
[-0.677892, -0.542503, 128167.0, 4.47, 5447.0, 'BOO SIGMA']
[-0.85135, -0.430362, 120136.0, 4.5, 5185.0, 'BOO TAU']
[-0.49782, -0.365687, 126660.0, 4.04, 5404.0, 'BOO THETA']
[-0.854516, -0.442364, 120477.0, 4.05, 5200.0, 'BOO UPSILON']
[-0.692808, -0.642603, 131156.0, 4.54, 5544.0, 'BOO XI']
[-0.741021, -0.628146, 129246.0, 3.78, 5477.0, 'BOO ZETA']
[-0.741022, -0.628145, 129247.0, 4.43, 5478.0, 'BOO ZETA']
[-0.302268, 0.911691, 55383.0, 5.07, 2717.0, 'BQ GEM']
[-0.063222, 0.602741, 45348.0, -0.62, 2326.0, 'CANOPUS']
[0.130501, 0.682303, 34029.0, 0.08, 1708.0, 'CAPELLA']
[0.512379, 0.020508, 432.0, 2.28, 21.0, 'CAPH']
[0.542802, 0.096948, 3712.0, 2.24, 168.0, 'CAS ALPHA']
[0.512379, 0.020508, 432.0, 2.28, 21.0, 'CAS BETA']
[0.469193, 0.203846, 9408.0, 4.68, 442.0, 'CAS CHI']
[0.462045, 0.181562, 8538.0, 2.66, 403.0, 'CAS DELTA']
[0.389424, 0.212309, 11415.0, 3.35, 542.0, 'CAS EPSILON']
[0.520462, 0.113206, 4614.0, 3.46, 219.0, 'CAS ETA']
[0.47423, 0.119797, 5394.0, 2.15, 264.0, 'CAS GAMMA']
[0.305802, 0.232677, 15089.0, 4.46, 707.0, 'CAS IOTA']
[0.450342, 0.065296, 2905.0, 4.17, 130.0, 'CAS KAPPA']
[0.574817, 0.080202, 2772.0, 4.74, 123.0, 'CAS LAMBDA']
[0.549391, 0.16853, 6582.0, 5.17, 321.0, 'CAS MU']
[0.61551, 0.133171, 4636.0, 4.9, 223.0, 'CAS NU']
[0.317916, 0.176224, 11529.0, 4.97, 548.0, 'CAS OMEGA']
[0.652803, 0.129036, 4180.0, 4.48, 193.0, 'CAS OMICRON']
[0.494671, 0.180246, 7927.0, 4.95, 382.0, 'CAS PHI']
[0.669459, 0.128518, 4058.0, 4.95, 184.0, 'CAS PI']
[0.346624, 0.136419, 8491.0, 4.72, 399.0, 'CAS PSI']
[0.537147, -0.013165, 224014.0, 4.51, 9045.0, 'CAS RHO']
[0.562728, -0.002434, 224572.0, 4.88, 9071.0, 'CAS SIGMA']
[0.519407, -0.029366, 223165.0, 4.88, 9008.0, 'CAS TAU']
[0.544153, 0.174444, 6961.0, 4.34, 343.0, 'CAS THETA']
[0.500672, 0.122521, 5234.0, 4.83, 253.0, 'CAS UPSILON']
[0.496744, 0.125389, 5395.0, 4.62, 265.0, 'CAS UPSILON']
[0.625228, 0.116062, 3901.0, 4.8, 179.0, 'CAS XI']
[0.581589, 0.094643, 3360.0, 3.69, 153.0, 'CAS ZETA']
[-0.340606, 0.777765, 60178.0, 2.88, 2890.0, 'CASTOR']
[-0.071821, -0.994234, 161096.0, 2.76, 6603.0, 'CEBALRAI']
[-0.742485, -0.110142, 109358.0, 4.24, 4785.0, 'CHARA']
[-0.944807, 0.19119, 97633.0, 3.33, 4359.0, 'CHERTAN']
[-0.761248, -0.189909, 112413.0, 2.89, 4915.0, 'COR CAROLI']
[-0.77905, -0.538627, 125248.0, 5.86, 5355.0, 'CS VIRGO']
[0.224698, 0.970387, 33111.0, 2.78, 1666.0, 'CURSA']
[0.455649, -0.536182, 197345.0, 1.25, 7924.0, 'CYG ALPHA']
[0.340583, -0.814974, 183912.0, 3.05, 7417.0, 'CYG BETA']
[0.34069, -0.81488, 183914.0, 5.12, 7418.0, 'CYG BETA']
[0.389463, -0.743676, 187796.0, 10.5, 7564.0, 'CYG CHI']
[0.311959, -0.632772, 186882.0, 2.86, 7528.0, 'CYG DELTA']
[0.550096, -0.620639, 197989.0, 2.48, 7949.0, 'CYG EPSILON']
[0.397684, -0.715183, 188947.0, 3.89, 7615.0, 'CYG ETA']
[0.443786, -0.620856, 194093.0, 2.23, 7796.0, 'CYG GAMMA']
[0.227573, -0.5673, 183534.0, 5.73, 7408.0, 'CYG IOTA']
[0.23629, -0.572532, 184006.0, 3.76, 7420.0, 'CYG IOTA']
[0.196967, -0.563223, 181276.0, 3.8, 7328.0, 'CYG KAPPA']
[0.536407, -0.598839, 198183.0, 4.53, 7963.0, 'CYG LAMBDA']
[0.727186, -0.489847, 206826.0, 4.49, 8309.0, 'CYG MU']
[0.727184, -0.489853, 206827.0, 6.08, 8310.0, 'CYG MU']
[0.525699, -0.538829, 199629.0, 3.94, 8028.0, 'CYG NU']
[0.399905, -0.52089, 195556.0, 4.94, 7844.0, 'CYG OMEGA']
[0.400577, -0.515893, 195774.0, 5.44, 7851.0, 'CYG OMEGA']
[0.363299, -0.784662, 185734.0, 4.68, 7478.0, 'CYG PHI']
[0.516663, -0.354779, 206672.0, 4.69, 8301.0, 'CYG PI']
[0.544913, -0.357963, 207330.0, 4.23, 8335.0, 'CYG PI']
[0.294682, -0.533649, 189037.0, 4.91, 7619.0, 'CYG PSI']
[0.562475, -0.416281, 205435.0, 3.98, 8252.0, 'CYG RHO']
[0.586355, -0.503385, 202850.0, 4.22, 8143.0, 'CYG SIGMA']
[0.591622, -0.519802, 202444.0, 3.74, 8130.0, 'CYG TAU']
[0.261372, -0.584015, 185395.0, 4.49, 7469.0, 'CYG THETA']
[0.623481, -0.53289, 202904.0, 4.41, 8146.0, 'CYG UPSILON']
[0.520107, -0.498194, 200905.0, 3.72, 8079.0, 'CYG XI']
[0.644461, -0.575525, 202109.0, 3.21, 8115.0, 'CYG ZETA']
[0.558083, -0.789589, 193495.0, 3.05, 7776.0, 'DABIH']
[0.455649, -0.536182, 197345.0, 1.25, 7924.0, 'DENEB']
[0.803466, -0.526584, 207098.0, 2.85, 8322.0, 'DENEB ALGEDI']
[0.933979, 0.179802, 4128.0, 2.04, 188.0, 'DENEB KAITOS']
[-0.966729, 0.046162, 102647.0, 2.14, 4534.0, 'DENEBOLA']
[0.933979, 0.179802, 4128.0, 2.04, 188.0, 'DIPHDA']
[-0.459109, 0.115042, 95689.0, 1.81, 4301.0, 'DUBHE']
[-0.322816, -0.401967, 137759.0, 3.29, 5744.0, 'EDASICH']
[0.507503, 0.758638, 23302.0, 3.72, 1142.0, 'ELECTRA']
[0.128659, 0.868439, 35497.0, 1.65, 1791.0, 'ELNATH']
[-0.00922, -0.622597, 164058.0, 2.24, 6705.0, 'ELTANIN']
[0.817201, -0.550246, 206778.0, 2.38, 8308.0, 'ENIF']
[0.213321, -0.019273, 222404.0, 3.21, 8974.0, 'ERRAI']
[0.837332, -0.233601, 216956.0, 1.17, 8728.0, 'FOMALHAUT']
[-0.076609, 0.862074, 44402.0, 3.02, 2282.0, 'FURUD']
[-0.035312, -0.797398, 161892.0, 3.19, 6630.0, 'G SCO']
[-0.537978, -0.073611, 108903.0, 1.59, 4763.0, 'GACRUX']
[-0.340606, 0.777765, 60178.0, 2.88, 2890.0, 'GEM ALPHA']
[-0.340607, 0.777768, 60179.0, 1.98, 2891.0, 'GEM ALPHA']
[-0.391537, 0.791148, 62509.0, 1.16, 2990.0, 'GEM BETA']
[-0.454022, 0.759229, 66216.0, 4.94, 3149.0, 'GEM CHI']
[-0.317623, 0.871206, 56986.0, 3.5, 2777.0, 'GEM DELTA']
[-0.172484, 0.888755, 48329.0, 3.06, 2473.0, 'GEM EPSILON']
[-0.059932, 0.921888, 42995.0, 3.31, 2216.0, 'GEM ETA']
[-0.157142, 0.946359, 47105.0, 1.93, 2421.0, 'GEM GAMMA']
[-0.323228, 0.823427, 58207.0, 3.78, 2821.0, 'GEM IOTA']
[-0.400822, 0.817747, 62345.0, 3.57, 2985.0, 'GEM KAPPA']
[-0.320362, 0.903503, 56537.0, 3.58, 2763.0, 'GEM LAMBDA']
[-0.092391, 0.919155, 44478.0, 2.87, 2286.0, 'GEM MU']
[-0.118278, 0.930936, 45542.0, 4.13, 2343.0, 'GEM NU']
[-0.245307, 0.8784, 52497.0, 5.2, 2630.0, 'GEM OMEGA']
[-0.345219, 0.747414, 61110.0, 4.89, 2930.0, 'GEM OMICRON']
[-0.424311, 0.785588, 64145.0, 4.97, 3067.0, 'GEM PHI']
[-0.377339, 0.744535, 62898.0, 5.14, 3013.0, 'GEM PI']
[-0.322244, 0.786591, 58946.0, 4.16, 2852.0, 'GEM RHO']
[-0.381471, 0.788132, 62044.0, 4.23, 2973.0, 'GEM SIGMA']
[-0.263867, 0.822592, 54719.0, 4.41, 2697.0, 'GEM TAU']
[-0.189359, 0.80751, 50019.0, 3.6, 2540.0, 'GEM THETA']
[-0.362465, 0.814849, 60522.0, 4.06, 2905.0, 'GEM UPSILON']
[-0.191381, 0.955805, 48737.0, 3.35, 2484.0, 'GEM XI']
[-0.258491, 0.899851, 52973.0, 4.01, 2650.0, 'GEM ZETA']
[-0.350223, 0.043925, 100029.0, 3.82, 4434.0, 'GIAUSAR']
[-0.951229, -0.065715, 106625.0, 2.58, 4662.0, 'GIENAH']
[-0.367292, 0.918864, 58715.0, 2.89, 2845.0, 'GOMEISA']
[-0.450964, -0.825729, 144217.0, 2.56, 5984.0, 'GRAFFIAS']
[-0.015433, -0.546287, 163588.0, 3.73, 6688.0, 'GRUMIUM']
[0.779683, 0.48329, 12929.0, 2.01, 617.0, 'HAMAL']
[0.925074, -0.330036, 214923.0, 3.41, 8634.0, 'HOMAM']
[-0.777933, 0.610046, 81797.0, 1.99, 3748.0, 'HYA ALPHA']
[-0.829536, 0.025673, 103192.0, 4.29, 4552.0, 'HYA BETA']
[-0.863508, 0.209966, 96202.0, 4.92, 4314.0, 'HYA CHI']
[-0.864123, 0.20762, 96314.0, 5.69, 4317.0, 'HYA CHI']
[-0.631779, 0.768751, 73262.0, 4.14, 3410.0, 'HYA DELTA']
[-0.660987, 0.742022, 74874.0, 3.38, 3482.0, 'HYA EPSILON']
[-0.652353, 0.755593, 74280.0, 4.3, 3454.0, 'HYA ETA']
[-0.86536, -0.310359, 115659.0, 2.99, 5020.0, 'HYA GAMMA']
[-0.818627, 0.573979, 83618.0, 3.9, 3845.0, 'HYA IOTA']
[-0.794399, 0.554663, 83754.0, 5.07, 3849.0, 'HYA KAPPA']
[-0.86763, 0.448825, 88284.0, 3.61, 3994.0, 'HYA LAMBDA']
[-0.877905, 0.381306, 90432.0, 3.83, 4094.0, 'HYA MU']
[-0.9154, 0.290277, 93813.0, 3.11, 4232.0, 'HYA NU']
[-0.722431, 0.685723, 77996.0, 4.99, 3613.0, 'HYA OMEGA']
[-0.81864, 0.070853, 101431.0, 4.7, 4494.0, 'HYA OMICRON']
[-0.896269, 0.342799, 91880.0, 6.01, 4156.0, 'HYA PHI']
[-0.897182, 0.332842, 92214.0, 4.91, 4171.0, 'HYA PHI']
[-0.761087, -0.468092, 123123.0, 3.25, 5287.0, 'HYA PI']
[-0.878265, -0.272938, 114149.0, 4.94, 4958.0, 'HYA PSI']
[-0.667056, 0.738032, 75137.0, 4.35, 3492.0, 'HYA RHO']
[-0.637539, 0.76821, 73471.0, 4.45, 3418.0, 'HYA SIGMA']
[-0.790159, 0.610995, 81997.0, 4.59, 3759.0, 'HYA TAU']
[-0.798418, 0.601749, 82446.0, 4.54, 3787.0, 'HYA TAU']
[-0.749393, 0.660893, 79469.0, 3.89, 3665.0, 'HYA THETA']
[-0.818568, 0.514094, 85444.0, 4.11, 3903.0, 'HYA UPSIL1']
[-0.854288, 0.468073, 87504.0, 4.6, 3970.0, 'HYA UPSIL2']
[-0.843478, 0.099816, 100407.0, 3.54, 4450.0, 'HYA XI']
[-0.68903, 0.717293, 76294.0, 3.11, 3547.0, 'HYA ZETA']
[0.086882, -0.820682, 169022.0, 1.79, 6879.0, 'KAUS AUSTRALIS']
[0.109957, -0.896458, 169916.0, 2.82, 6913.0, 'KAUS BOREALIS']
[0.079356, -0.863885, 168454.0, 2.72, 6859.0, 'KAUS MEDIA']
[0.751042, -0.653888, 202447.0, 3.92, 8131.0, 'KITALPHA']
[-0.200728, -0.185075, 131873.0, 2.07, 5563.0, 'KOCHAB']
[-0.355252, -0.859998, 148856.0, 2.78, 6148.0, 'KORNEPHOROS']
[-0.101206, -0.789054, 158408.0, 2.7, 6508.0, 'LESATH']
[0.125089, -0.769422, 172167.0, 0.03, 7001.0, 'LYR ALPHA']
[0.181056, -0.815346, 174638.0, 3.52, 7106.0, 'LYR BETA']
[0.185578, -0.77708, 175426.0, 5.58, 7131.0, 'LYR DELTA']
[0.188398, -0.77719, 175588.0, 4.22, 7139.0, 'LYR DELTA']
[0.14799, -0.755374, 173582.0, 4.67, 7051.0, 'LYR EPSILON']
[0.147985, -0.755362, 173583.0, 6.02, 7052.0, 'LYR EPSILON']
[0.148247, -0.755975, 173607.0, 4.59, 7053.0, 'LYR EPSILON']
[0.148253, -0.755971, 173608.0, 5.37, 7054.0, 'LYR EPSILON']
[0.245306, -0.735722, 180163.0, 4.43, 7298.0, 'LYR ETA']
[0.214075, -0.813927, 176437.0, 3.25, 7178.0, 'LYR GAMMA']
[0.233879, -0.773399, 178475.0, 5.25, 7262.0, 'LYR IOTA']
[0.069968, -0.805322, 168775.0, 4.33, 6872.0, 'LYR KAPPA']
[0.219191, -0.817836, 176670.0, 4.94, 7192.0, 'LYR LAMBDA']
[0.081418, -0.767236, 169702.0, 5.11, 6903.0, 'LYR MU']
[0.181065, -0.820709, 174585.0, 5.93, 7100.0, 'LYR NU']
[0.182016, -0.823026, 174602.0, 5.22, 7102.0, 'LYR NU']
[0.257278, -0.743306, 180809.0, 4.35, 7314.0, 'LYR THETA']
[0.153786, -0.777166, 173648.0, 4.34, 7056.0, 'LYR ZETA']
[0.153912, -0.777255, 173649.0, 5.73, 7057.0, 'LYR ZETA']
[0.937097, -0.230345, 218045.0, 2.49, 8781.0, 'MARKAB']
[0.815778, -0.284874, 215182.0, 2.93, 8650.0, 'MATAR']
[-0.172484, 0.888755, 48329.0, 3.06, 2473.0, 'MEBSUTA']
[-0.54293, -0.036595, 106591.0, 3.32, 4660.0, 'MEGREZ']
[0.001453, 0.707754, 40183.0, 1.9, 2088.0, 'MENKALINAN']
[0.698256, 0.712287, 18884.0, 2.54, 911.0, 'MENKAR']
[-0.685294, -0.422786, 123139.0, 2.06, 5288.0, 'MENKENT']
[0.408746, 0.700642, 24912.0, 3.98, 1228.0, 'MENKIB']
[-0.535916, 0.138997, 95418.0, 2.34, 4295.0, 'MERAK']
[-0.258826, 0.230597, 80007.0, 1.67, 3685.0, 'MIAPLACIDUS']
[0.121839, 0.992536, 36486.0, 2.25, 1852.0, 'MINTAKA']
[0.775553, 0.243527, 6860.0, 2.07, 337.0, 'MIRACH']
[0.40498, 0.50155, 20902.0, 1.79, 1017.0, 'MIRFAK']
[-0.094069, 0.946632, 44743.0, 1.98, 2294.0, 'MIRZAM']
[-0.536543, -0.205755, 116656.0, 2.23, 5054.0, 'MIZAR']
[-0.832538, -0.45526, 121370.0, 2.68, 5235.0, 'MUPHRID']
[-0.298198, 0.387683, 71369.0, 3.35, 3323.0, 'MUSCIDA']
[0.784971, -0.549188, 206088.0, 3.69, 8278.0, 'NASHIRA']
[-0.53397, -0.543118, 133208.0, 3.49, 5602.0, 'NEKKAR']
[0.129146, 0.926117, 36079.0, 2.81, 1829.0, 'NIHAL']
[0.214096, -0.870573, 175191.0, 2.05, 7121.0, 'NUNKI']
[-0.538427, -0.688108, 137909.0, 3.66, 5747.0, 'NUSAKAN']
[0.020891, 0.991435, 39801.0, 0.45, 2061.0, 'ORI ALPHA']
[0.195052, 0.970363, 34085.0, 0.18, 1713.0, 'ORI BETA']
[0.022981, 0.93775, 39587.0, 4.39, 2047.0, 'ORI CHI1']
[-0.016056, 0.938726, 41117.0, 4.64, 2135.0, 'ORI CHI2']
[0.121832, 0.992538, 36485.0, 6.85, 1851.0, 'ORI DELTA']
[0.121839, 0.992536, 36486.0, 2.25, 1852.0, 'ORI DELTA']
[0.103579, 0.9944, 37128.0, 1.69, 1903.0, 'ORI EPSILON']
[0.154243, 0.987147, 35411.0, 3.35, 1788.0, 'ORI ETA']
[0.150628, 0.982385, 35468.0, 1.64, 1790.0, 'ORI GAMMA']
[0.10642, 0.988976, 37043.0, 2.75, 1899.0, 'ORI IOTA']
[0.052638, 0.984386, 38771.0, 2.07, 2004.0, 'ORI KAPPA']
[0.106645, 0.979216, 36861.0, 3.39, 1879.0, 'ORI LAMBDA']
[-0.010251, 0.985805, 40932.0, 4.12, 2124.0, 'ORI MU']
[-0.031942, 0.966436, 41753.0, 4.42, 2159.0, 'ORI NU']
[0.09046, 0.993303, 37490.0, 4.5, 1934.0, 'ORI OMEGA']
[0.28122, 0.927533, 30959.0, 4.71, 1556.0, 'ORI OMICRON1']
[0.266488, 0.935079, 31421.0, 4.06, 1580.0, 'ORI OMICRON2']
[0.108144, 0.980369, 36822.0, 4.39, 1876.0, 'ORI PHI1']
[0.099278, 0.981874, 37160.0, 4.09, 1907.0, 'ORI PHI2']
[0.275882, 0.944895, 31295.0, 4.64, 1570.0, 'ORI PI1']
[0.294568, 0.943023, 30739.0, 4.35, 1544.0, 'ORI PI2']
[0.299168, 0.946472, 30652.0, 3.19, 1543.0, 'ORI PI3']
[0.294269, 0.950719, 30836.0, 3.68, 1552.0, 'ORI PI4']
[0.282706, 0.958261, 31237.0, 3.71, 1567.0, 'ORI PI5']
[0.264814, 0.963836, 31767.0, 4.47, 1601.0, 'ORI PI6']
[0.153134, 0.98768, 35439.0, 4.89, 1789.0, 'ORI PSI1']
[0.143985, 0.988105, 35715.0, 4.59, 1811.0, 'ORI PSI2']
[0.202145, 0.978083, 33856.0, 4.46, 1698.0, 'ORI RHO']
[0.092509, 0.994678, 37468.0, 3.77, 1931.0, 'ORI SIGMA']
[0.182612, 0.975936, 34503.0, 3.59, 1735.0, 'ORI TAU']
[0.107247, 0.989789, 37020.0, 4.98, 1893.0, 'ORI THETA']
[0.107228, 0.989795, 37021.0, 7.96, 1894.0, 'ORI THETA']
[0.1072, 0.989791, 37022.0, 5.13, 1895.0, 'ORI THETA']
[0.107148, 0.9898, 37023.0, 6.71, 1896.0, 'ORI THETA']
[0.106733, 0.989798, 37041.0, 4.98, 1897.0, 'ORI THETA']
[0.121178, 0.984461, 36512.0, 4.62, 1855.0, 'ORI UPSILON']
[-0.050481, 0.968092, 42560.0, 4.45, 2199.0, 'ORI XI']
[0.083809, 0.995905, 37742.0, 1.74, 1948.0, 'ORI ZETA']
[0.32559, -0.441428, 193924.0, 1.94, 7790.0, 'PEACOCK']
[0.073456, 0.825051, 37795.0, 2.65, 1956.0, 'PHACT']
[-0.591873, 0.015941, 103287.0, 2.41, 4554.0, 'PHECDA']
[-0.199642, -0.239467, 137422.0, 3.0, 5735.0, 'PHERKAD']
[0.010128, 0.007897, 8890.0, 1.97, 424.0, 'POLARIS']
[-0.391537, 0.791148, 62509.0, 1.16, 2990.0, 'POLLUX']
[-0.418137, 0.903803, 61421.0, 0.4, 2943.0, 'PROCYON']
[-0.669484, -0.587057, 129988.0, 2.35, 5505.0, 'PULCHERRIMA']
[0.172154, -0.699111, 175865.0, 4.08, 7157.0, 'R LYRAE']
[-0.763762, 0.473709, 85503.0, 3.88, 3905.0, 'RASALAS']
[-0.106544, -0.970234, 159561.0, 2.08, 6556.0, 'RASALHAGUE']
[-0.078672, -0.606426, 159181.0, 2.79, 6536.0, 'RASTABAN']
[-0.864507, 0.457857, 87901.0, 1.36, 3982.0, 'REGULUS']
[0.195052, 0.970363, 34085.0, 0.18, 1713.0, 'RIGEL']
[-0.373747, -0.312727, 128620.0, -0.01, 5459.0, 'RIGEL KENTAURUS']
[-0.29139, -0.285314, 132813.0, 4.63, 5589.0, 'RR UMI']
[-0.907479, 0.418193, 89688.0, 6.66, 4064.0, 'RS SEX']
[0.462045, 0.181562, 8538.0, 2.66, 403.0, 'RUCHBAH']
[0.271682, -0.70881, 181869.0, 3.96, 7348.0, 'RUKBAT']
[0.909069, -0.415941, 212061.0, 3.86, 8518.0, 'SADACHBIA']
[0.867144, -0.273403, 216131.0, 3.51, 8684.0, 'SADALBARI']
[0.878353, -0.47798, 209750.0, 2.95, 8414.0, 'SADALMELIK']
[0.793708, -0.600502, 204867.0, 2.9, 8232.0, 'SADALSUUD']
[0.443786, -0.620856, 194093.0, 2.23, 7796.0, 'SADR']
[0.052638, 0.984386, 38771.0, 2.07, 2004.0, 'SAIPH']
[0.855851, -0.214292, 217906.0, 2.44, 8775.0, 'SCHEAT']
[0.542802, 0.096948, 3712.0, 2.24, 168.0, 'SCHEDAR']
[-0.618178, -0.483318, 127762.0, 3.04, 5435.0, 'SEGINUS']
[-0.091637, -0.792262, 158926.0, 1.62, 6527.0, 'SHAULA']
[0.181056, -0.815346, 174638.0, 3.52, 7106.0, 'SHELIAK']
[0.820248, 0.448325, 11636.0, 2.64, 553.0, 'SHERATAN']
[-0.187481, 0.939228, 48915.0, -1.44, 2491.0, 'SIRIUS']
[0.923271, -0.270637, 216627.0, 3.27, 8709.0, 'SKAT']
[-0.91408, -0.356354, 116658.0, 0.98, 5056.0, 'SPICA']
[0.214075, -0.813927, 176437.0, 3.25, 7178.0, 'SULAFAT']
[-0.824461, -0.556183, 124850.0, 4.07, 5338.0, 'SYRMA']
[-0.471134, 0.474377, 76644.0, 3.12, 3569.0, 'TALITHA']
[-0.681973, 0.309608, 89758.0, 3.06, 4069.0, 'TANIA AUSTRALIS']
[-0.659782, 0.317891, 89021.0, 3.45, 4033.0, 'TANIA BOREALIS']
[0.43956, -0.879127, 186791.0, 2.72, 7525.0, 'TARAZED']
[-0.370316, -0.223368, 123299.0, 3.67, 5291.0, 'THUBAN']
[-0.188502, -0.981846, 156247.0, 5.89, 6414.0, 'U OPH']
[-0.459109, 0.115042, 95689.0, 1.81, 4301.0, 'UMA ALPHA']
[-0.535916, 0.138997, 95418.0, 2.34, 4295.0, 'UMA BETA']
[-0.670744, 0.040871, 102224.0, 3.69, 4518.0, 'UMA CHI']
[-0.54293, -0.036595, 106591.0, 3.32, 4660.0, 'UMA DELTA']
[-0.544292, -0.130741, 112185.0, 1.76, 4905.0, 'UMA EPSILON']
[-0.581457, -0.294806, 120315.0, 1.85, 5191.0, 'UMA ETA']
[-0.591873, 0.015941, 103287.0, 2.41, 4554.0, 'UMA GAMMA']
[-0.471134, 0.474377, 76644.0, 3.12, 3569.0, 'UMA IOTA']
[-0.488377, 0.473163, 77327.0, 3.57, 3594.0, 'UMA KAPPA']
[-0.659782, 0.317891, 89021.0, 3.45, 4033.0, 'UMA LAMBDA']
[-0.681973, 0.309608, 89758.0, 3.06, 4069.0, 'UMA MU']
[-0.824062, 0.150949, 98262.0, 3.49, 4377.0, 'UMA NU']
[-0.699044, 0.207138, 94334.0, 4.66, 4248.0, 'UMA OMEGA']
[-0.298198, 0.387683, 71369.0, 3.35, 3323.0, 'UMA OMICRON']
[-0.497844, 0.310767, 85235.0, 4.55, 3894.0, 'UMA PHI']
[-0.270306, 0.324444, 72905.0, 5.63, 3391.0, 'UMA PI']
[-0.27878, 0.331605, 73108.0, 4.59, 3403.0, 'UMA PI']
[-0.696134, 0.155399, 96833.0, 3.0, 4335.0, 'UMA PSI']
[-0.272092, 0.266114, 76827.0, 4.74, 3576.0, 'UMA RHO']
[-0.287708, 0.267373, 77800.0, 5.15, 3609.0, 'UMA SIGMA']
[-0.286935, 0.262026, 78154.0, 4.8, 3616.0, 'UMA SIGMA']
[-0.330014, 0.299986, 78362.0, 4.67, 3624.0, 'UMA TAU']
[-0.496628, 0.371281, 82328.0, 3.17, 3775.0, 'UMA THETA']
[-0.435081, 0.274529, 84999.0, 3.78, 3888.0, 'UMA UPSILON']
[-0.838213, 0.154645, 98230.0, 3.79, 4374.0, 'UMA XI']
[-0.838225, 0.154662, 98231.0, 4.41, 4375.0, 'UMA XI']
[-0.536543, -0.205755, 116656.0, 2.23, 5054.0, 'UMA ZETA']
[-0.536579, -0.205812, 116657.0, 3.95, 5055.0, 'UMA ZETA']
[0.010128, 0.007897, 8890.0, 1.97, 424.0, 'UMI ALPHA']
[-0.200728, -0.185075, 131873.0, 2.07, 5563.0, 'UMI BETA']
[-0.007201, -0.059107, 166205.0, 4.35, 6789.0, 'UMI DELTA']
[-0.043974, -0.131365, 153751.0, 4.21, 6322.0, 'UMI EPSILON']
[-0.106414, -0.221875, 148048.0, 4.95, 6116.0, 'UMI ETA']
[-0.199642, -0.239467, 137422.0, 3.0, 5735.0, 'UMI GAMMA']
[-0.003136, -0.016499, 183030.0, 6.31, 7394.0, 'UMI LAMBDA']
[-0.132245, -0.174571, 139669.0, 5.0, 5826.0, 'UMI THETA']
[-0.11818, -0.175304, 142105.0, 4.29, 5903.0, 'UMI ZETA']
[-0.554721, -0.824476, 140573.0, 2.63, 5854.0, 'UNUKALHAI']
[0.118544, -0.001832, 224309.0, 6.57, 9056.0, 'V CEP']
[0.37732, -0.572063, 192577.0, 3.8, 7735.0, 'V695 CYG']
[0.477161, -0.477887, 200120.0, 4.74, 8047.0, 'V832 CYG']
[0.125089, -0.769422, 172167.0, 0.03, 7001.0, 'VEGA']
[-0.945851, -0.263105, 113226.0, 2.85, 4932.0, 'VINDEMIATRIX']
[-0.676728, -0.585285, 129712.0, 4.8, 5490.0, 'W BOOTES']
[-0.317623, 0.871206, 56986.0, 3.5, 2777.0, 'WASAT']
[0.031999, 0.810746, 39425.0, 3.12, 2040.0, 'WAZN']
[-0.688093, -0.137278, 110914.0, 5.42, 4846.0, 'Y CVN']
[-0.427809, -0.900159, 146791.0, 3.23, 6075.0, 'YED POSTERIOR']
[-0.443921, -0.893747, 146051.0, 2.73, 6056.0, 'YED PRIOR']
[-0.996163, -0.086743, 107259.0, 3.89, 4689.0, 'ZANIAH']
[0.493393, 0.837855, 25025.0, 2.97, 1231.0, 'ZAURAK']
[-0.9987, 0.0406, 102870.0, 3.59, 4540.0, 'ZAVIJAVA']
[-0.917811, 0.186285, 97603.0, 2.56, 4357.0, 'ZOSMA']
[-0.706071, -0.651998, 130841.0, 2.75, 5531.0, 'ZUBENELGENUBI']
[-0.644001, -0.747452, 135742.0, 2.61, 5685.0, 'ZUBENESCHAMALI']
[-0.432166, 0.208258, 89388.0, 3.39, 4050.0, 'q CAR']
